0	0.2755905511811024
1	0.30708661417322836
2	0.2283464566929134
3	0.30708661417322836
4	0.2992125984251969
5	0.4566929133858268
6	0.33858267716535434
7	0.3779527559055118
8	0.4094488188976378
9	0.2677165354330709
10	0.31496062992125984
11	0.29133858267716534
12	0.4409448818897638
13	0.2992125984251969
14	0.31496062992125984
15	0.30708661417322836
16	0.3464566929133858
17	0.3543307086614173
18	0.4015748031496063
19	0.31496062992125984
20	0.3464566929133858
21	0.3543307086614173
22	0.3543307086614173
23	0.4015748031496063
24	0.36220472440944884
25	0.3779527559055118
26	0.3779527559055118
27	0.30708661417322836
28	0.3700787401574803
29	0.2992125984251969
30	0.28346456692913385
31	0.36220472440944884
32	0.44881889763779526
33	0.3779527559055118
34	0.36220472440944884
35	0.33858267716535434
36	0.41732283464566927
37	0.3543307086614173
38	0.3858267716535433
39	0.5590551181102362
40	0.3779527559055118
41	0.3937007874015748
42	0.4015748031496063
43	0.33070866141732286
44	0.31496062992125984
45	0.4409448818897638
46	0.4094488188976378
47	0.4566929133858268
48	0.4094488188976378
49	0.4094488188976378
50	0.36220472440944884
51	0.3543307086614173
52	0.31496062992125984
53	0.3779527559055118
54	0.4330708661417323
55	0.3937007874015748
56	0.3937007874015748
57	0.4251968503937008
58	0.4094488188976378
59	0.3779527559055118
60	0.36220472440944884
61	0.36220472440944884
62	0.4330708661417323
63	0.3858267716535433
64	0.4645669291338583
65	0.4409448818897638
66	0.3937007874015748
67	0.33858267716535434
68	0.36220472440944884
69	0.4645669291338583
70	0.4015748031496063
71	0.3464566929133858
72	0.4881889763779528
73	0.33070866141732286
74	0.4330708661417323
75	0.3937007874015748
76	0.4330708661417323
77	0.4251968503937008
78	0.4881889763779528
79	0.31496062992125984
