0	[1.5, -1.5, -1.5]
1	[1.5, -1.5, -1.5]
2	[2.46670436800379, -1.0642912182112485, -1.0719890541842985]
3	[2.46670436800379, -1.0642912182112485, -1.0719890541842985]
4	[3.2395204346172832, -1.4504745473862042, -0.48546501270213116]
5	[3.2395204346172832, -1.4504745473862042, -0.48546501270213116]
6	[2.5495248876271477, -1.2256777505442074, -0.3560031177937355]
7	[1.8299092476678311, -1.9556426242176526, -1.384488401178345]
8	[1.8299092476678311, -1.9556426242176526, -1.384488401178345]
9	[1.8885057391443847, -1.316637685706467, -0.8113408640750666]
10	[1.8885057391443847, -1.316637685706467, -0.8113408640750666]
11	[1.2733663566387472, -1.9866538705577845, 0.255037289670468]
12	[1.4983460514070825, -0.8629475422511563, 1.3777379566487453]
13	[1.4983460514070825, -0.8629475422511563, 1.3777379566487453]
14	[2.47345506400283, -1.7711132781562327, 2.632329998941791]
15	[2.47345506400283, -1.7711132781562327, 2.632329998941791]
16	[2.6276354688447405, -2.4303265343685534, 2.5720833840397352]
17	[2.676412167968685, -3.5535006837064227, 1.087621400726243]
18	[2.676412167968685, -3.5535006837064227, 1.087621400726243]
19	[2.6860180902694006, -3.869621697312235, 2.1927953021699094]
