0	2.953114104373515
1	3.505272834883015
2	3.505272834883015
3	3.505272834883015
4	3.505272834883015
5	3.505272834883015
6	3.505272834883015
7	3.505272834883015
8	3.505272834883015
9	3.7170021985835815
10	3.6154735884484044
11	4.008660092245891
12	3.9184451149858885
13	3.754251098471404
14	3.754251098471404
15	3.754251098471404
16	3.754251098471404
17	3.754251098471404
18	3.9926005306423122
19	3.9320161979301425
20	3.9320161979301425
21	3.9320161979301425
22	3.9320161979301425
23	3.8407015379253377
24	3.688289855962319
25	3.8759818194395925
26	4.166227236162684
27	4.166227236162684
28	4.166227236162684
29	4.166227236162684
30	4.166227236162684
31	4.0904312508988045
32	4.311048153378826
33	4.109928586140234
34	4.109928586140234
35	4.109928586140234
36	4.109928586140234
37	4.109928586140234
38	4.233737193643553
39	4.233737193643553
