0	3.144450114374711
1	3.325371092478553
2	2.6708712618632213
3	2.8676452992698858
4	2.8676452992698858
5	2.8676452992698858
6	3.2533868833380564
7	3.2533868833380564
8	3.2533868833380564
9	3.2533868833380564
10	3.2533868833380564
11	3.3338099462580737
12	3.302988256534736
13	3.302988256534736
14	3.4819966613481523
15	3.5056772436346346
16	3.5056772436346346
17	3.566946028171164
18	3.566946028171164
19	3.566946028171164
20	3.566946028171164
21	3.5239744483208586
22	3.5239744483208586
23	3.457521088677423
24	3.457521088677423
25	3.457521088677423
26	3.457521088677423
27	3.457521088677423
28	3.457521088677423
29	3.457521088677423
30	3.457521088677423
31	3.6325530749897297
32	3.4522577981645046
33	3.4522577981645046
34	3.6921681123128343
35	3.6921681123128343
36	3.6921681123128343
37	3.6921681123128343
38	3.6921681123128343
39	3.6921681123128343
40	3.6803951355717204
41	3.6803951355717204
42	3.5945762016275955
43	3.696359477957805
44	3.696359477957805
45	3.7100116786325437
46	3.7100116786325437
47	3.7100116786325437
48	3.7100116786325437
49	3.7100116786325437
