0	0.5354330708661418
1	0.41732283464566927
2	0.3858267716535433
3	0.5590551181102362
4	0.4409448818897638
5	0.4409448818897638
6	0.2992125984251969
7	0.47244094488188976
8	0.4330708661417323
9	0.3858267716535433
10	0.4645669291338583
11	0.5118110236220472
12	0.3543307086614173
13	0.4094488188976378
14	0.3858267716535433
15	0.4251968503937008
16	0.4409448818897638
17	0.48031496062992124
18	0.3779527559055118
19	0.4330708661417323
20	0.41732283464566927
21	0.41732283464566927
22	0.3543307086614173
23	0.4251968503937008
24	0.3543307086614173
25	0.4330708661417323
26	0.4094488188976378
27	0.4330708661417323
28	0.3700787401574803
29	0.3937007874015748
30	0.4015748031496063
31	0.4409448818897638
32	0.4251968503937008
33	0.5118110236220472
34	0.3937007874015748
35	0.4094488188976378
36	0.4251968503937008
37	0.3937007874015748
38	0.47244094488188976
39	0.3700787401574803
40	0.5590551181102362
41	0.48031496062992124
42	0.4645669291338583
43	0.4645669291338583
44	0.4330708661417323
45	0.44881889763779526
46	0.44881889763779526
47	0.44881889763779526
48	0.41732283464566927
49	0.4251968503937008
50	0.4094488188976378
51	0.3858267716535433
52	0.4330708661417323
53	0.4330708661417323
54	0.4409448818897638
55	0.4094488188976378
56	0.4015748031496063
57	0.4015748031496063
58	0.44881889763779526
59	0.4409448818897638
60	0.4881889763779528
61	0.4015748031496063
62	0.3228346456692913
63	0.4251968503937008
64	0.3779527559055118
65	0.3937007874015748
66	0.4094488188976378
67	0.4645669291338583
68	0.33858267716535434
69	0.4330708661417323
70	0.3543307086614173
71	0.4409448818897638
72	0.44881889763779526
73	0.3937007874015748
74	0.4330708661417323
75	0.3937007874015748
76	0.4645669291338583
77	0.48031496062992124
78	0.3858267716535433
79	0.4881889763779528
