0	0.5984251968503937
1	0.5118110236220472
2	0.3779527559055118
3	0.4881889763779528
4	0.41732283464566927
5	0.4094488188976378
6	0.4251968503937008
7	0.41732283464566927
8	0.4409448818897638
9	0.48031496062992124
10	0.3858267716535433
11	0.4881889763779528
12	0.2992125984251969
13	0.47244094488188976
14	0.3858267716535433
15	0.44881889763779526
16	0.41732283464566927
17	0.41732283464566927
18	0.3779527559055118
19	0.4251968503937008
20	0.3700787401574803
21	0.3779527559055118
22	0.4330708661417323
23	0.4409448818897638
24	0.47244094488188976
25	0.33070866141732286
26	0.4251968503937008
27	0.4094488188976378
28	0.47244094488188976
29	0.44881889763779526
30	0.3700787401574803
31	0.4251968503937008
32	0.3779527559055118
33	0.4015748031496063
34	0.4566929133858268
35	0.4566929133858268
36	0.4330708661417323
37	0.3543307086614173
38	0.4015748031496063
39	0.4645669291338583
40	0.36220472440944884
41	0.3779527559055118
42	0.48031496062992124
43	0.4251968503937008
44	0.4409448818897638
45	0.5275590551181102
46	0.41732283464566927
47	0.48031496062992124
48	0.3779527559055118
49	0.47244094488188976
50	0.41732283464566927
51	0.5275590551181102
52	0.4566929133858268
53	0.44881889763779526
54	0.4881889763779528
55	0.4251968503937008
56	0.48031496062992124
57	0.3700787401574803
58	0.4566929133858268
59	0.44881889763779526
60	0.4251968503937008
61	0.4881889763779528
62	0.36220472440944884
63	0.44881889763779526
64	0.4094488188976378
65	0.4645669291338583
66	0.48031496062992124
67	0.3858267716535433
68	0.4251968503937008
69	0.5433070866141733
70	0.4094488188976378
71	0.4645669291338583
72	0.4251968503937008
73	0.4251968503937008
74	0.4645669291338583
75	0.49606299212598426
76	0.3464566929133858
77	0.3779527559055118
78	0.4094488188976378
79	0.3937007874015748
80	0.4094488188976378
81	0.4015748031496063
82	0.4015748031496063
83	0.3858267716535433
84	0.4566929133858268
85	0.3858267716535433
86	0.4094488188976378
87	0.3937007874015748
88	0.4094488188976378
89	0.47244094488188976
90	0.5118110236220472
91	0.48031496062992124
92	0.4881889763779528
93	0.44881889763779526
94	0.4330708661417323
95	0.44881889763779526
96	0.4409448818897638
97	0.4409448818897638
98	0.3937007874015748
99	0.5196850393700787
