0	0.14173228346456693
1	0.2440944881889764
2	0.23622047244094488
3	0.25984251968503935
4	0.30708661417322836
5	0.30708661417322836
6	0.23622047244094488
7	0.23622047244094488
8	0.2440944881889764
9	0.2755905511811024
10	0.30708661417322836
11	0.36220472440944884
12	0.2677165354330709
13	0.33858267716535434
14	0.33858267716535434
15	0.2677165354330709
16	0.31496062992125984
17	0.36220472440944884
18	0.2204724409448819
19	0.33858267716535434
20	0.3464566929133858
21	0.2755905511811024
22	0.33858267716535434
23	0.3228346456692913
24	0.31496062992125984
25	0.3228346456692913
26	0.3464566929133858
27	0.2992125984251969
28	0.33858267716535434
29	0.3543307086614173
30	0.31496062992125984
31	0.3858267716535433
32	0.31496062992125984
33	0.30708661417322836
34	0.3464566929133858
35	0.3464566929133858
36	0.29133858267716534
37	0.4015748031496063
38	0.3779527559055118
39	0.29133858267716534
40	0.3543307086614173
41	0.36220472440944884
42	0.3779527559055118
43	0.31496062992125984
44	0.33070866141732286
45	0.2992125984251969
46	0.48031496062992124
47	0.33070866141732286
48	0.3858267716535433
49	0.3779527559055118
50	0.3228346456692913
51	0.3700787401574803
52	0.4015748031496063
53	0.33070866141732286
54	0.3937007874015748
55	0.30708661417322836
56	0.4015748031496063
57	0.30708661417322836
58	0.33858267716535434
59	0.3464566929133858
60	0.4330708661417323
61	0.4094488188976378
62	0.33070866141732286
63	0.30708661417322836
64	0.3937007874015748
65	0.3937007874015748
66	0.3543307086614173
67	0.4015748031496063
68	0.3937007874015748
69	0.44881889763779526
70	0.31496062992125984
71	0.3858267716535433
72	0.29133858267716534
73	0.4251968503937008
74	0.31496062992125984
75	0.33070866141732286
76	0.4409448818897638
77	0.33070866141732286
78	0.33858267716535434
79	0.3858267716535433
