0	[-1.5, -1.5, -1.5]
1	[-1.3211886493628857, -0.7228173910920026, -2.457596737654959]
2	[-2.1345949716188777, -0.48051444067885196, -1.9664001501691897]
3	[-2.066707749087393, -1.276324755280123, -2.2029505012654678]
4	[-1.8738089438151206, -0.5141550981037102, -1.415603584131946]
5	[-1.8738089438151206, -0.5141550981037102, -1.415603584131946]
6	[-2.2287735599488396, -0.7605505922929956, -2.2933687679789267]
7	[-2.2287735599488396, -0.7605505922929956, -2.2933687679789267]
8	[-2.2287735599488396, -0.7605505922929956, -2.2933687679789267]
9	[-2.2287735599488396, -0.7605505922929956, -2.2933687679789267]
10	[-2.2287735599488396, -0.7605505922929956, -2.2933687679789267]
11	[-2.2287735599488396, -0.7605505922929956, -2.2933687679789267]
12	[-2.2287735599488396, -0.7605505922929956, -2.2933687679789267]
13	[-2.2287735599488396, -0.7605505922929956, -2.2933687679789267]
14	[-2.4788014598216073, 0.3465511700412085, -1.7504355791740056]
15	[-2.0070788771495423, 0.6788806455434915, -2.3473220175046343]
16	[-1.670807357512882, 0.41408095556585134, -2.831242707051217]
17	[-1.7433678444561462, 1.1119734089185045, -3.7142242703327812]
18	[-1.7433678444561462, 1.1119734089185045, -3.7142242703327812]
19	[-1.7433678444561462, 1.1119734089185045, -3.7142242703327812]
