0	3.4190746308945488
1	3.198726551584404
2	3.198726551584404
3	3.198726551584404
4	4.6826940944052176
5	4.6826940944052176
6	4.6826940944052176
7	4.6826940944052176
8	4.6826940944052176
9	4.322705560227478
10	4.322705560227478
11	3.8689799560999214
12	5.587617879794815
13	5.587617879794815
14	3.875029016884717
15	3.692908831536218
16	4.020537895162744
17	4.020537895162744
18	4.148248294400175
19	4.148248294400175
20	4.148248294400175
21	4.148248294400175
22	4.148248294400175
23	4.5527686530155576
24	4.960713754893078
25	4.960713754893078
26	4.927927353014957
27	4.927927353014957
28	4.263151268596595
29	5.061430787964857
30	4.440956738445244
31	4.440956738445244
32	4.440956738445244
33	4.440956738445244
34	5.520269473129351
35	5.5056326912743945
36	5.5056326912743945
37	6.190043369960099
38	6.190043369960099
39	6.190043369960099
40	5.989405391214033
41	5.989405391214033
42	4.924041954124283
43	5.057442408674789
44	6.540284137764831
45	7.958257598859742
46	7.958257598859742
47	7.958257598859742
48	7.958257598859742
49	9.399346637484657
50	9.87792258680416
51	10.455206868604021
52	10.393688987533901
53	9.564742032200035
54	10.244744545526714
55	10.244744545526714
56	10.866383428937054
57	10.866383428937054
58	10.555984513711559
59	10.555984513711559
60	9.413370364750413
61	8.778199402372312
62	10.41762861086418
63	9.829514746880331
64	9.829514746880331
65	9.022294502884181
66	9.022294502884181
67	9.022294502884181
68	9.022294502884181
69	9.17187359770687
70	9.7907016285119
71	9.592026856641905
72	9.592026856641905
73	11.141742734768638
74	9.775059969471481
75	9.829727323760372
76	9.566516671174735
77	10.560507008723032
78	10.806791564905364
79	9.910573604068142
80	9.910573604068142
81	9.802515320591906
82	8.571352154794194
83	9.848111436696621
84	10.499330707449861
85	10.968394132319045
86	9.610714272932988
87	8.932513637764607
88	9.13167062660572
89	8.59779530076952
90	8.362329239589533
91	8.641308842033496
92	9.309782356806544
93	8.95267621230382
94	8.992208089364835
95	9.184596376436227
96	8.376593800748037
97	8.376593800748037
98	8.376593800748037
99	7.491216986714345
