0	3.5004063081127654
1	3.5004063081127654
2	3.5004063081127654
3	3.5004063081127654
4	3.5004063081127654
5	3.5004063081127654
6	3.5004063081127654
7	3.5004063081127654
8	3.5004063081127654
9	3.5004063081127654
10	3.5004063081127654
11	3.5004063081127654
12	3.5004063081127654
13	3.5004063081127654
14	3.5004063081127654
15	3.5004063081127654
16	3.5004063081127654
17	3.5004063081127654
18	3.5004063081127654
19	3.5004063081127654
20	3.5004063081127654
21	3.5004063081127654
22	3.5004063081127654
23	3.5004063081127654
24	3.5004063081127654
25	3.5004063081127654
26	3.5004063081127654
27	3.5004063081127654
28	3.5004063081127654
29	3.5004063081127654
30	3.5004063081127654
31	3.5004063081127654
32	3.5004063081127654
33	3.5004063081127654
34	3.5004063081127654
35	3.5004063081127654
36	3.5004063081127654
37	3.5004063081127654
38	3.5004063081127654
39	3.5004063081127654
40	3.5004063081127654
41	3.5004063081127654
42	3.5004063081127654
43	3.5004063081127654
44	3.5004063081127654
45	3.5004063081127654
46	3.5004063081127654
47	3.5004063081127654
48	3.5004063081127654
49	3.5004063081127654
50	3.5004063081127654
51	3.5004063081127654
52	3.5004063081127654
53	4.154521779004763
54	4.154521779004763
55	4.154521779004763
56	4.154521779004763
57	4.154521779004763
58	4.154521779004763
59	4.154521779004763
60	4.154521779004763
61	4.154521779004763
62	4.154521779004763
63	4.154521779004763
64	4.154521779004763
65	4.154521779004763
66	4.154521779004763
67	4.154521779004763
68	4.154521779004763
69	4.154521779004763
70	4.154521779004763
71	4.154521779004763
72	4.154521779004763
73	4.154521779004763
74	4.154521779004763
75	4.154521779004763
76	4.154521779004763
77	4.154521779004763
78	4.154521779004763
79	4.154521779004763
