0	405.6458863827972
1	345.3127045820919
2	288.1782957658237
3	288.1782957658237
4	197.81573777363874
5	197.81573777363874
6	190.94186623630245
7	178.26335022511043
8	176.92179162272546
9	176.92179162272546
10	165.6173635225884
11	158.81748382815744
12	158.81748382815744
13	158.81748382815744
14	158.81748382815744
15	157.13442756159853
16	152.99474686600652
17	152.99474686600652
18	151.90858858118216
19	151.90858858118216
20	144.6358785953861
21	139.053186216645
22	139.053186216645
23	134.26587421148605
24	134.26587421148605
25	134.26587421148605
26	134.26587421148605
27	134.26587421148605
28	134.26587421148605
29	132.07036887211348
30	132.07036887211348
31	131.8681869042092
32	131.8681869042092
33	131.8681869042092
34	131.8681869042092
35	131.8681869042092
36	131.8681869042092
37	131.8681869042092
38	131.8681869042092
39	125.93231983228287
40	123.87617062470777
41	123.87617062470777
42	123.87617062470777
43	123.87617062470777
44	123.87617062470777
45	123.87617062470777
46	123.87617062470777
47	123.87617062470777
48	123.2173004939385
49	123.2173004939385
50	120.34613970131937
51	120.34613970131937
52	120.34613970131937
53	114.45433053797744
54	114.45433053797744
55	114.23703792152418
56	114.23703792152418
57	114.23703792152418
58	113.895138730233
59	113.61289083105719
60	110.54005183340459
61	107.03003391913218
62	105.08820558164092
63	104.53988440801284
64	104.53988440801284
65	104.53988440801284
66	104.53988440801284
67	104.53988440801284
68	104.53988440801284
69	104.06173773107392
70	104.06173773107392
71	103.47073316660641
72	101.29296150180372
73	101.29296150180372
74	101.29296150180372
75	99.55001331773762
76	99.55001331773762
77	99.55001331773762
78	96.8880012085151
79	96.8880012085151
