0	3.2879491678464183
1	3.3253767397729552
2	3.3253767397729552
3	3.3253767397729552
4	3.6879093812799715
5	3.7884968986183982
6	3.8968349126277544
7	3.7621245362168545
8	3.633994927186847
9	3.457606679922548
10	3.457606679922548
11	3.457606679922548
12	3.457606679922548
13	3.457606679922548
14	3.457606679922548
15	3.457606679922548
16	3.457606679922548
17	3.457606679922548
18	3.584396864219076
19	3.584396864219076
20	3.584396864219076
21	3.74053766391394
22	3.74053766391394
23	3.74053766391394
24	3.74053766391394
25	3.7549399724929704
26	3.7549399724929704
27	3.7549399724929704
28	3.756982299875047
29	3.649048299226827
30	3.649048299226827
31	3.649048299226827
32	3.84091988440808
33	3.84091988440808
34	3.84091988440808
35	3.84091988440808
36	3.9951583006395106
37	3.8119561055534055
38	3.81698414266886
39	4.023245774409263
40	3.8129850509792766
41	3.739877693051619
42	3.7875389076758106
43	3.7680558098732178
44	3.5232774437818524
45	3.5232774437818524
46	3.8185374228282467
47	3.8037383102012856
48	3.846292583452317
49	3.846292583452317
50	3.846292583452317
51	3.846292583452317
52	3.846292583452317
53	3.846292583452317
54	3.846292583452317
55	3.846292583452317
56	3.9803561677825297
57	3.911145824613497
58	3.8189219612195577
59	3.949117791987938
60	3.949117791987938
61	4.081038094094792
62	3.8657209194964888
63	3.8657209194964888
64	3.8657209194964888
65	4.285897400910177
66	4.290795800783682
67	4.290795800783682
68	4.330864806889218
69	4.336168944557625
70	4.336168944557625
71	4.219292391902622
72	4.699478808684523
73	4.558900018445789
74	4.558900018445789
75	4.458735411550927
76	4.766879270993235
77	4.614779042047868
78	4.682127160773383
79	4.628484141813954
