0	5288.85011229693
1	5846.714536468648
2	7025.484078739607
3	5926.0154144191565
4	6366.564656661906
5	7348.442428614677
6	6079.2001655658705
7	7909.619922740221
8	8217.531756350545
9	10754.896754471041
10	9191.725709095646
11	11148.812445563539
12	11069.0235514721
13	9582.423801795541
14	10340.15803633237
15	9977.569097458732
16	8235.619499772636
17	8249.790459524307
18	7541.34880489859
19	8654.864208673085
20	9280.236963594281
21	9254.750668870696
22	6950.391194485604
23	7545.607018180663
24	9704.764800231733
25	7348.275470321219
26	7576.585079722853
27	8224.210304016355
28	6687.104761243125
29	6540.191881279448
30	6382.658045308671
31	7789.567871704074
32	8231.194277039589
33	9929.376031633834
34	10846.209193118
35	8905.211718963023
36	6796.448445396251
37	7394.637836641054
38	7578.552005927947
39	7046.947243512803
40	7092.906672992905
41	6224.999351913007
42	7928.667367162892
43	8096.16122591836
44	9792.009617103444
45	9694.522100715774
46	8720.227756126193
47	8586.25144160032
48	6768.058682572289
49	11200.583207893147
50	8373.112056774904
51	6516.334970037259
52	6547.59265407329
53	7849.300498257065
54	8645.165293999917
55	9652.66813340703
56	9259.992672615244
57	7469.761624432859
58	7840.187473178261
59	7050.179288905979
60	7926.899066863249
61	7918.071321319293
62	8309.57285433184
63	8758.72330801351
64	7413.2820699126905
65	8896.15750001382
66	13155.307631337091
67	12283.33370046812
68	10505.593233545133
69	9357.738322877407
70	8763.618073715428
71	8732.841337576683
72	10677.647549860805
73	11584.312752290542
74	11991.708199809882
75	10316.32778212477
76	9655.853903877764
77	8727.64913182023
78	6985.811200301876
79	9183.134277829247
80	9220.552630094848
81	7876.118610961587
82	7355.718031484915
83	7199.587387188319
84	8513.14324490486
85	7352.513314613116
86	7007.74621101983
87	8409.325151482793
88	7885.380675124315
89	8395.12602505036
90	9763.404930181767
91	8061.543976988765
92	6559.838245163547
93	6203.547327621466
94	7843.442103307774
95	8136.440273088759
96	8641.484137375654
97	7104.066152052354
98	8472.218710454179
99	7544.365755844096
