0	3.2175632025788246
1	3.028549314697324
2	3.1372445635559663
3	3.358635739002342
4	3.6422963722297714
5	3.6422963722297714
6	3.368393047285502
7	3.579013407174053
8	3.579013407174053
9	3.5654960745479927
10	3.5654960745479927
11	3.5654960745479927
12	3.5654960745479927
13	3.5654960745479927
14	3.5654960745479927
15	3.416850618009753
16	3.416850618009753
17	3.416850618009753
18	3.416850618009753
19	3.5470526494090002
20	3.5470526494090002
21	3.5470526494090002
22	3.5470526494090002
23	3.5470526494090002
24	3.733962871102081
25	3.5379350134766563
26	3.5379350134766563
27	3.4354291523915266
28	3.6433224566702087
29	3.4393365889436
30	3.4393365889436
31	3.4393365889436
32	3.4393365889436
33	3.4393365889436
34	3.4393365889436
35	3.4393365889436
36	3.4393365889436
37	3.566927885909389
38	3.566927885909389
39	3.566927885909389
40	3.566927885909389
41	3.5401390576992475
42	3.4643138148561996
43	3.617121219548224
44	3.617121219548224
45	3.617121219548224
46	3.550503774707219
47	3.550503774707219
48	3.552615783721149
49	3.552615783721149
50	3.521144974188742
51	3.59716760472744
52	3.59716760472744
53	3.59716760472744
54	3.5592765374035964
55	3.5592765374035964
56	3.5592765374035964
57	3.5592765374035964
58	3.5592765374035964
59	3.5592765374035964
60	3.388176430965357
61	3.2252459077001263
62	3.2252459077001263
63	3.494727170383234
64	3.494727170383234
65	3.494727170383234
66	3.494727170383234
67	3.494727170383234
68	3.494727170383234
69	3.6070443047719607
70	3.6070443047719607
71	3.6070443047719607
72	3.536783769464685
73	3.65589316766469
74	3.5881177871567314
75	3.5881177871567314
76	3.7631809165443633
77	3.8332492212469322
78	3.8332492212469322
79	3.8332492212469322
