0	3.2101677375651043
1	3.2101677375651043
2	3.459122599131756
3	3.4432835774273154
4	3.4432835774273154
5	3.4432835774273154
6	3.435329476331711
7	3.193249741410663
8	3.193249741410663
9	3.193249741410663
10	3.193249741410663
11	3.193249741410663
12	3.3455908638839498
13	3.3455908638839498
14	3.3455908638839498
15	3.3455908638839498
16	3.3455908638839498
17	3.3455908638839498
18	3.3455908638839498
19	3.5620045445815416
20	3.5620045445815416
21	3.5620045445815416
22	3.483758639205776
23	3.483758639205776
24	3.483758639205776
25	3.483758639205776
26	3.427512547828781
27	3.427512547828781
28	3.497026391310879
29	3.497026391310879
30	3.497026391310879
31	3.528570079147213
32	3.437115864164345
33	3.4982712278210206
34	3.5580060765156727
35	3.7960609703211716
36	3.518103126884025
37	3.4970374193130573
38	3.4970374193130573
39	3.483186463236161
40	3.356652885461686
41	3.5997008468968126
42	3.5997008468968126
43	3.5997008468968126
44	3.587112068280798
45	3.587112068280798
46	3.7229283723055713
47	3.7229283723055713
48	3.7229283723055713
49	3.7229283723055713
50	3.6141626965172846
51	3.4189850261842363
52	3.2739553979028653
53	3.14724325828687
54	3.1416662078684308
55	3.2256502782885828
56	3.3497804587604425
57	3.3497804587604425
58	3.6019970411138416
59	3.6019970411138416
60	3.6019970411138416
61	3.6019970411138416
62	3.725416003536173
63	3.775498272830661
64	3.775498272830661
65	3.775498272830661
66	3.77810072647325
67	3.565102665934557
68	3.613947508740347
69	3.8371325513169103
70	3.8371325513169103
71	3.7905286149581485
72	3.755474258399673
73	3.9339403510105098
74	3.9339403510105098
75	3.9099053014235126
76	3.9099053014235126
77	3.9099053014235126
78	3.780308322302208
79	3.780308322302208
