0	3.0
1	3.075856295860159
2	3.6067066368097827
3	3.5528394491847495
4	3.605501306410133
5	3.605501306410133
6	3.7125425185822407
7	3.647143037830327
8	3.716739866140052
9	3.716739866140052
10	3.8512847183984147
11	3.8512847183984147
12	3.9285530173612906
13	3.8682458702484754
14	3.8682458702484754
15	4.036839985686531
16	4.036839985686531
17	4.045748588808242
18	4.045748588808242
19	4.045748588808242
20	4.045748588808242
21	4.072672268392849
22	4.163077770207974
23	4.163077770207974
24	4.163077770207974
25	4.14626759242722
26	4.14626759242722
27	4.325937354075943
28	4.135268874990135
29	4.167208945600627
30	4.167208945600627
31	4.167208945600627
32	4.167208945600627
33	4.167208945600627
34	4.167208945600627
35	4.1761818517779545
36	4.1761818517779545
37	4.1761818517779545
38	4.070451639549042
39	4.120564132159519
40	4.120564132159519
41	4.120564132159519
42	4.087987801199815
43	4.087987801199815
44	4.087987801199815
45	4.087987801199815
46	4.087987801199815
47	4.050389445945705
48	4.050389445945705
49	4.226631372163268
