0	0.1968503937007874
1	0.31496062992125984
2	0.2992125984251969
3	0.25984251968503935
4	0.25984251968503935
5	0.33070866141732286
6	0.2992125984251969
7	0.2047244094488189
8	0.3228346456692913
9	0.3700787401574803
10	0.33070866141732286
11	0.30708661417322836
12	0.4015748031496063
13	0.4015748031496063
14	0.33070866141732286
15	0.3937007874015748
16	0.4094488188976378
17	0.30708661417322836
18	0.3937007874015748
19	0.29133858267716534
20	0.2992125984251969
21	0.3464566929133858
22	0.3543307086614173
23	0.3858267716535433
24	0.4015748031496063
25	0.3858267716535433
26	0.36220472440944884
27	0.25984251968503935
28	0.33070866141732286
29	0.36220472440944884
30	0.36220472440944884
31	0.36220472440944884
32	0.3700787401574803
33	0.33070866141732286
34	0.3779527559055118
35	0.36220472440944884
36	0.4251968503937008
37	0.4094488188976378
38	0.3937007874015748
39	0.3779527559055118
40	0.4094488188976378
41	0.47244094488188976
42	0.4409448818897638
43	0.3700787401574803
44	0.3228346456692913
45	0.3858267716535433
46	0.33858267716535434
47	0.33858267716535434
48	0.4015748031496063
49	0.4094488188976378
