0	0.28346456692913385
1	0.31496062992125984
2	0.3779527559055118
3	0.44881889763779526
4	0.36220472440944884
5	0.30708661417322836
6	0.3464566929133858
7	0.30708661417322836
8	0.29133858267716534
9	0.29133858267716534
10	0.33858267716535434
11	0.4015748031496063
12	0.4251968503937008
13	0.3937007874015748
14	0.25196850393700787
15	0.36220472440944884
16	0.33070866141732286
17	0.4251968503937008
18	0.3937007874015748
19	0.3700787401574803
20	0.3858267716535433
21	0.3543307086614173
22	0.3228346456692913
23	0.4566929133858268
24	0.33070866141732286
25	0.4015748031496063
26	0.36220472440944884
27	0.4409448818897638
28	0.3700787401574803
29	0.33858267716535434
30	0.2992125984251969
31	0.4015748031496063
32	0.3543307086614173
33	0.3779527559055118
34	0.41732283464566927
35	0.44881889763779526
36	0.3700787401574803
37	0.41732283464566927
38	0.31496062992125984
39	0.48031496062992124
40	0.3937007874015748
41	0.3937007874015748
42	0.3937007874015748
43	0.4330708661417323
44	0.3700787401574803
45	0.33070866141732286
46	0.4251968503937008
47	0.3937007874015748
48	0.3543307086614173
49	0.3779527559055118
50	0.4251968503937008
51	0.3858267716535433
52	0.3858267716535433
53	0.3858267716535433
54	0.44881889763779526
55	0.3700787401574803
56	0.3543307086614173
57	0.4094488188976378
58	0.4094488188976378
59	0.4015748031496063
60	0.36220472440944884
61	0.41732283464566927
62	0.3937007874015748
63	0.36220472440944884
64	0.3858267716535433
65	0.3543307086614173
66	0.3858267716535433
67	0.4409448818897638
68	0.4409448818897638
69	0.47244094488188976
70	0.3858267716535433
71	0.4330708661417323
72	0.4566929133858268
73	0.33858267716535434
74	0.41732283464566927
75	0.44881889763779526
76	0.4330708661417323
77	0.48031496062992124
78	0.3700787401574803
79	0.4251968503937008
