0	1564.6447145408245
1	362.7106510084983
2	216.13520126610518
3	168.7822205949693
4	149.75397278147352
5	130.2401709413861
6	129.4728742186453
7	114.25115908971092
8	109.63333332948726
9	112.70951257232329
10	105.16217748555687
11	108.33282809798459
12	108.9987043461991
13	105.42178071108778
14	108.26293471893952
15	102.25917255984153
16	93.7514031564316
17	90.23921334005094
18	93.25159664963934
19	83.37057187603301
20	82.94721086624462
21	76.99305189351998
22	71.80860134368585
23	72.89408386078364
24	66.31333028111581
25	62.008453425470215
26	58.10298909090918
27	54.29910200592225
28	47.078188647922005
29	46.2243421836886
30	48.28036871872097
31	45.46475808746649
32	43.539405104528264
33	40.89016749870284
34	36.63153782848527
35	39.066595389963254
36	39.55208423063411
37	30.11314684514094
38	27.540592298764874
39	29.315426478444717
40	31.177812162756155
41	24.581645153588745
42	25.979915572247258
43	21.911283202897554
44	19.516269134101282
45	18.222083009632254
46	10.48363897022798
47	9.973148637356624
48	5.429672018641805
49	6.944030882719333
50	9.328136899514842
51	5.836140990031102
52	0.7575495300922301
53	1.8833134586412525
54	1.6151023726592382
55	-1.8652568789950066
56	-0.5777877369212381
57	4.771699698609962
58	9.481196849213054
59	6.862170098854612
60	12.052563162203427
61	11.790257540787275
62	6.9294307129289665
63	7.869581001596261
64	5.674213198598856
65	2.2767715260100037
66	-1.8969031472770639
67	6.642520051193888
68	4.336353326028106
69	5.807550331426721
70	1.6167676456184372
71	-4.78788199485307
72	-9.783888551074448
73	-6.191730673427181
74	-7.907035834958204
75	-5.464856288058587
76	-0.8990734785055128
77	-5.76175602930932
78	-1.9941729260738477
79	-3.4221540035890277
