0	3655.155259294416
1	1114.2917410233986
2	182.64948589892825
3	129.97358087582438
4	128.08308445908844
5	121.92686720861771
6	101.52006563927202
7	100.08908616127721
8	105.30682639705785
9	104.92602658011135
10	105.19607709451299
11	100.39926222293428
12	92.12764719005908
13	87.2688990828294
14	87.92325920825566
15	83.45866584319099
16	77.85710866969332
17	74.21665854086781
18	74.94146813333091
19	77.99054686445122
20	80.40604691122
21	69.25992794717432
22	66.90456494572189
23	63.16279287643756
24	60.872338819136544
25	57.767364654504306
26	43.35326608058226
27	47.31210303510945
28	43.8078746932448
29	38.66459657185968
30	37.877701701966565
31	33.634678668797704
32	29.64339033302324
33	24.504596411294663
34	24.572060034872038
35	24.376480108872315
36	32.652090140652525
37	29.336269584684757
38	30.158129819620587
39	32.19574870660616
40	29.814730101478244
41	28.989016855761303
42	22.42426591563853
43	16.406839997493567
44	11.04115528359842
45	10.601980475007895
46	20.442084832156237
47	24.712460806094814
48	10.629079254060397
49	14.76669752139141
