0	8249.008740773701
1	9765.946686429885
2	7829.005167237309
3	7253.0699006846335
4	7904.685391930451
5	7413.8554384228755
6	7986.821207259754
7	7798.151869790724
8	8110.83607901607
9	8369.135267981545
10	6376.627679104534
11	5946.616348017014
12	7604.331055221382
13	8075.0497829859605
14	8942.221334564229
15	8927.575209830658
16	9040.408078978387
17	7183.9931301893475
18	7833.774962441716
19	8588.636592902385
20	8358.605878614133
21	12960.344863199032
22	12141.886464712386
23	7833.743353458693
24	7447.956385935128
25	8515.292070942745
26	6738.272391157524
27	7354.229592542195
28	6411.113000111113
29	8521.603033407557
30	10137.535020574087
31	12311.411086159918
32	10023.156671984701
33	9206.400310367906
34	10285.767002952316
35	8345.506538525859
36	6340.537682017908
37	7481.575837122994
38	8510.81317272063
39	10026.587704058935
40	8905.438134789822
41	8612.397185646545
42	8133.429355186119
43	7830.148465133574
44	7393.903931392095
45	7899.842249602083
46	8156.361898542795
47	8485.15338009217
48	8835.4984156341
49	7599.392004383711
50	8654.586119118147
51	8623.562514959947
52	8787.118729259953
53	9905.05264430862
54	9243.984528187839
55	7339.493767730597
56	7743.160801903421
57	9120.437291991475
58	8192.627698886918
59	6352.274424082323
60	6666.616046162831
61	6717.975578285832
62	7920.565747760177
63	8243.95192781315
64	8671.14059962859
65	7316.099087028875
66	7747.353946587648
67	10089.82746548475
68	10551.248251866627
69	9405.893714834749
70	9501.008880561161
71	6532.86622326536
72	6902.015711127882
73	8495.043943576271
74	7176.729347898986
75	6644.27990521185
76	11264.251658942765
77	9183.32045324495
78	9590.27164142411
79	10074.5392144258
