0	2423.0421940823994
1	301.626278310839
2	293.0046162977638
3	281.89145134345307
4	160.7348905414165
5	159.98470338674565
6	132.88742838083098
7	123.56087382953417
8	124.00097030257935
9	126.13112984377831
10	130.29522183190855
11	121.98807765369972
12	116.09827827604737
13	116.9852848173211
14	105.96426034594005
15	101.54878622725016
16	102.22753511917345
17	101.54375892200879
18	98.07566983153322
19	95.12637349671255
20	91.93857392679956
21	91.34747271032685
22	89.094116468812
23	85.00746007815751
24	90.64034538451953
25	90.50380953583799
26	85.49145434505215
27	81.9265560806667
28	72.32388216284804
29	76.19323479922976
30	75.01263736802092
31	69.27146431344083
32	70.49975804017339
33	74.76283183358822
34	73.55537398187498
35	71.91308519166806
36	68.67171748526538
37	70.56771549158456
38	67.0420840996042
39	63.34148251227072
40	56.66602257591415
41	46.58558552760895
42	48.52595144554184
43	41.49781588278602
44	42.99183254967532
45	36.053444625968126
46	27.40201930004596
47	26.04355459478742
48	21.87269892198329
49	22.672075918926968
50	23.512576859385533
51	32.32750347267139
52	36.1623559135122
53	30.54472770555372
54	29.688399662390463
55	25.063487329974834
56	25.97798189228207
57	20.380443870413433
58	26.46807922287838
59	22.289586500432407
60	19.322760774234457
61	20.32919934301373
62	25.162083691774082
63	26.326134870162672
64	30.327235842520455
65	23.218942571281445
66	25.817284072425
67	29.10281107405835
68	30.822246206666886
69	30.389682181354754
70	25.84579139558472
71	24.61753925716873
72	19.00960554821252
73	13.047342405816925
74	11.372559109285406
75	9.582206314088772
76	2.5214290269651327
77	3.519676306134919
78	6.451904890494964
79	4.058679023905333
