0	2.912802005889925
1	2.912802005889925
2	3.978807034350584
3	2.700893541754776
4	3.6929827459220235
5	2.9479107584956803
6	2.9479107584956803
7	5.082614204828578
8	4.869067586570019
9	5.437360285517713
10	5.437360285517713
11	5.437360285517713
12	5.989266958976369
13	5.034980742414584
14	5.034980742414584
15	5.642240967367056
16	5.642240967367056
17	5.480127671153596
18	5.480127671153596
19	5.480127671153596
20	7.997026440556993
21	8.107878372644615
22	6.7599667476619505
23	6.799371990524965
24	4.290016590348261
25	5.070682019810752
26	5.552966753842203
27	5.552966753842203
28	4.676498352733695
29	4.676498352733695
30	4.676498352733695
31	5.34476218005178
32	5.5207321176498105
33	7.449509709550981
34	7.302697874781657
35	7.85282890281475
36	8.859986177791697
37	8.859986177791697
38	8.25836375505372
39	8.25836375505372
40	7.529151745660288
41	6.225992862565687
42	5.464276010932256
43	7.165705665641737
44	9.865817421050085
45	10.54348090157834
46	9.432472280437452
47	7.963996849070247
48	9.5244631921801
49	9.638350084956695
50	9.206110988065765
51	9.206110988065765
52	9.907587587457147
53	9.503893762332952
54	8.356759833968594
55	8.33928550826208
56	6.780370543416359
57	8.065134870926611
58	7.065962054231226
59	6.141707448435998
60	13.634967241111076
61	7.1424991685857435
62	12.947831428851341
63	12.765602331135325
64	14.326335899281212
65	13.758425780391198
66	14.216162817273322
67	12.00250775106496
68	12.00250775106496
69	11.926097931569021
70	11.926097931569021
71	11.926097931569021
72	12.479720126140455
73	11.625224287648265
74	10.699655142798502
75	10.397830316158199
76	10.397830316158199
77	9.817227352585327
78	9.817227352585327
79	10.484011312573138
