0	0.2992125984251969
1	0.33858267716535434
2	0.2677165354330709
3	0.3779527559055118
4	0.28346456692913385
5	0.2677165354330709
6	0.31496062992125984
7	0.2125984251968504
8	0.4015748031496063
9	0.2992125984251969
10	0.3779527559055118
11	0.33070866141732286
12	0.3937007874015748
13	0.3543307086614173
14	0.3228346456692913
15	0.3543307086614173
16	0.3228346456692913
17	0.4409448818897638
18	0.31496062992125984
19	0.36220472440944884
20	0.28346456692913385
21	0.4015748031496063
22	0.4251968503937008
23	0.33070866141732286
24	0.31496062992125984
25	0.2992125984251969
26	0.3543307086614173
27	0.3858267716535433
28	0.2992125984251969
29	0.3543307086614173
30	0.3858267716535433
31	0.3700787401574803
32	0.4015748031496063
33	0.41732283464566927
34	0.4330708661417323
35	0.41732283464566927
36	0.3700787401574803
37	0.4015748031496063
38	0.3543307086614173
39	0.3858267716535433
40	0.4015748031496063
41	0.4015748031496063
42	0.4015748031496063
43	0.36220472440944884
44	0.3700787401574803
45	0.31496062992125984
46	0.3858267716535433
47	0.4015748031496063
48	0.3779527559055118
49	0.4015748031496063
