0	0.23622047244094488
1	0.25984251968503935
2	0.2677165354330709
3	0.25196850393700787
4	0.25984251968503935
5	0.23622047244094488
6	0.29133858267716534
7	0.31496062992125984
8	0.28346456692913385
9	0.33070866141732286
10	0.29133858267716534
11	0.31496062992125984
12	0.31496062992125984
13	0.3858267716535433
14	0.31496062992125984
15	0.2283464566929134
16	0.33070866141732286
17	0.2677165354330709
18	0.25984251968503935
19	0.33858267716535434
20	0.3937007874015748
21	0.31496062992125984
22	0.2677165354330709
23	0.31496062992125984
24	0.33070866141732286
25	0.33070866141732286
26	0.36220472440944884
27	0.3228346456692913
28	0.3543307086614173
29	0.3779527559055118
30	0.31496062992125984
31	0.3700787401574803
32	0.3858267716535433
33	0.28346456692913385
34	0.3779527559055118
35	0.33858267716535434
36	0.33070866141732286
37	0.3937007874015748
38	0.3937007874015748
39	0.36220472440944884
