0	3691.010582254562
1	3047.3374085795845
2	2535.816187734229
3	454.66015226578105
4	213.64917294221647
5	197.89009463844835
6	184.8906058867082
7	162.5550995581039
8	160.68736561746613
9	148.64999074661418
10	134.02703573534748
11	130.50474784104114
12	116.12063862976389
13	124.5972807346677
14	116.58107572677287
15	98.13510158241937
16	95.71450590129601
17	91.07565637353444
18	102.97717290000212
19	86.94596956611072
20	81.19436307759865
21	77.45839998166333
22	68.21659022008474
23	65.86463399565504
24	60.02983934938595
25	53.86336700911307
26	51.02046843283091
27	41.932614894277386
28	42.07846234181898
29	39.6390190322986
30	38.42970188379786
31	33.17725785446234
32	27.39016282971727
33	26.233008127017754
34	26.379313940287354
35	31.98425632552774
36	29.612160230715304
37	24.920792380930763
38	19.24226236750169
39	12.255869302727946
40	11.224524396380525
41	12.394771369509881
42	11.91963442604827
43	12.164216257682797
44	14.929292608512949
45	12.40894037080245
46	12.200582160730939
47	12.476036506732754
48	13.380966588582897
49	13.84887906944155
