0	304.3090833024547
1	188.22999350545228
2	182.95541910549588
3	184.6042527202381
4	164.1156017543364
5	166.62172771524462
6	164.53198368921272
7	164.2333878149246
8	158.54000219883318
9	133.36626036271778
10	133.56083217518625
11	127.01467908107799
12	121.96427522153786
13	123.00207348591837
14	111.20585334765185
15	111.87788144218827
16	96.01442995730767
17	96.24508949891732
18	91.74067380936275
19	84.7662001961785
20	84.9251096959614
21	82.74736620324458
22	76.67190563993643
23	68.67030007592344
24	64.30938610360046
25	59.74008063486396
26	52.026558657472386
27	50.88754332680744
28	53.55784925708837
29	53.25114884164636
30	49.27318158265408
31	46.69206960359719
32	45.546339980866826
33	45.90149689414039
34	41.539521435977164
35	36.08437526893905
36	29.835599896471386
37	29.492552114142867
38	36.19966116205338
39	34.47306005955395
