0	223.6831877023928
1	170.9636747524678
2	138.12414622410267
3	131.6370530224387
4	132.66830882333724
5	133.16944018379922
6	129.2638842174429
7	121.21846518876669
8	123.30637893406558
9	126.91198526733774
10	129.10565694142286
11	116.0797260108972
12	112.51128418874194
13	115.86251885467512
14	111.32471817047282
15	101.89532492058571
16	97.41765950958738
17	88.02988861322433
18	81.65298572176862
19	94.37928916063615
20	79.88910002594318
21	79.7415817496364
22	79.17280224353844
23	82.47554053558534
24	74.38541691621984
25	63.919921975861605
26	64.82085269978138
27	54.59598309504376
28	61.60153567961001
29	56.074205402837755
30	57.02585503679614
31	61.60112285262798
32	50.71874346417296
33	41.408659503397196
34	42.24202474863674
35	46.90527696734172
36	38.89792311674484
37	37.02022120306531
38	33.93379025219159
39	26.21804195924935
40	24.366434412620542
41	20.100056534670998
42	20.531518383304444
43	21.49637804413995
44	21.293797061884582
45	21.270208441313617
46	16.093470339828386
47	11.558512493602858
48	24.829851500098542
49	26.557529461574614
50	16.27107737801216
51	13.607463796891551
52	19.9994992628985
53	19.42695988591228
54	12.065550131775952
55	16.267638601893424
56	13.158906885557066
57	14.400358829023174
58	21.794806161895227
59	23.345370827656584
60	20.43485437978904
61	21.908601314789657
62	20.23746091033649
63	14.726615494348708
64	6.988307104593911
65	4.895946734167018
66	9.42762244189331
67	9.05260100740218
68	7.717243352784357
69	8.90520315747725
70	11.590584457391536
71	15.624931573880922
72	15.256524077494257
73	11.947850043247858
74	12.08039543834582
75	11.762252659908755
76	15.125749002488757
77	17.55645025378486
78	17.872153931396202
79	17.587670166280226
